,1.26,1.27,1.28,1.29,1.30,1.31,2.1,2.2,2.3,2.4,2.5,2.6,2.7,2.8,2.9,2.10,2.11,2.12,2.13,2.14,2.15,2.16,2.17,2.18,2.19,2.20,2.21,2.22,2.23,2.24,2.25,2.26,2.27,2.28,2.29,3.1,3.2,3.3,3.4,3.5,3.6,3.7,3.8,3.9,3.10,3.11,3.12,3.13,3.14,3.15,3.16,3.17,3.18,3.19,3.20,3.21,3.22,3.23,3.24,3.25,3.26,3.27,3.28,3.29,3.30,3.31,4.1,4.2,4.3,4.4,4.5,4.6,4.7,4.8,4.9,4.10,4.11,4.12,4.13,4.14,4.15,4.16,4.17,4.18,4.19,4.20,4.21,4.22,4.23,4.24,4.25,4.26,4.27,4.28,4.29,4.30,5.1,5.2,5.3,5.4,5.5,5.6,5.7,5.8,5.9,5.10,5.11,5.12,5.13,5.14,5.15
确诊,2761,4535,5997,7736,9720,11821,14411,17238,20471,24363,28060,31211,34598,37251,40235,42708,44730,59882,63932,66576,68584,70635,72528,74279,75101,75993,76392,77041,77262,77779,78190,78630,78959,79389,79968,80174,80302,80422,80565,80710,80813,80859,80904,80924,80955,80980,81003,81021,81048,81077,81116,81151,81235,81300,81416,81498,81600,81747,81846,81960,82078,82213,82341,82447,82545,82631,82724,82802,82875,82930,83005,83071,83157,83249,83305,83369,83482,83597,83696,83745,83797,83824,84180,84201,84237,84250,84287,84302,84311,84324,84338,84341,84347,84369,84373,84385,84388,84393,84400,84404,84406,84409,84415,84416,84430,84450,84451,84458,84464,84469,84478
疑似,5794,6973,9239,12167,15238,17988,19544,21558,23214,23260,24702,26359,27657,28942,23589,21675,16067,13435,10109,8969,8228,7264,6242,5248,4922,5206,5365,4148,3434,2824,2491,2358,2308,1418,851,715,587,520,522,482,502,458,421,349,285,253,147,34,113,134,128,119,105,104,106,118,136,132,134,159,189,184,174,168,183,172,153,135,114,107,88,89,83,73,53,44,82,72,72,73,63,62,63,48,43,37,35,20,20,17,12,10,9,10,10,9,11,10,3,2,5,4,6,8,4,3,3,4,4,4,3
治愈,51,60,103,126,171,243,328,475,632,892,1153,1542,2050,2651,3283,3998,4742,5915,6728,8101,9425,10853,12561,14387,16170,18279,20673,22907,24757,27353,29775,32531,36157,39049,41675,44518,47260,49914,52109,53793,55477,57143,58684,59982,61567,62887,64216,65649,67022,67863,68799,69725,70547,71284,71876,72382,72841,73299,73791,74196,74737,75122,75600,75937,76225,76415,76610,76785,76984,77210,77348,77450,77586,77711,77838,77935,78020,78145,78262,78389,78504,78600,77744,77825,77895,77978,78042,78147,78236,78362,78450,78558,78664,78729,78785,78845,78905,78939,79016,79126,79204,79268,79324,79401,79488,79533,79566,79594,79621,79644,79668
死亡,80,106,132,170,213,259,304,361,425,491,564,637,723,812,909,1017,1114,1368,1381,1524,1666,1772,1870,2006,2121,2239,2348,2445,2595,2666,2718,2747,2791,2838,2873,2915,2946,2984,3015,3045,3073,3100,3123,3140,3162,3173,3180,3194,3204,3218,3231,3242,3250,3253,3261,3267,3276,3283,3287,3293,3298,3301,3306,3311,3314,3321,3327,3331,3335,3338,3340,3340,3342,3344,3345,3349,3349,3351,3351,3352,3352,3352,4642,4642,4642,4642,4642,4642,4642,4642,4642,4643,4643,4643,4643,4643,4643,4643,4643,4643,4643,4643,4643,4643,4643,4643,4644,4644,4644,4644,4644
新增确诊,769,1771,1459,1737,1982,2102,2590,2829,3235,3887,3694,3151,3399,2653,3073,2484,2022,15153,5093,2644,2009,2051,1891,1751,825,892,399,649,416,517,411,440,329,430,579,206,128,120,143,145,103,46,45,20,31,25,11,18,27,29,39,35,84,65,116,82,102,147,99,114,118,135,128,106,98,86,93,78,73,55,75,66,86,92,56,64,113,115,99,49,52,27,31,21,36,13,37,15,9,13,14,3,6,22,4,12,3,5,7,4,2,3,6,1,14,20,1,7,6,5,9
新增疑似,3806,2077,3248,4148,4812,5019,4562,5173,5072,3971,5328,4833,4214,3916,4008,3536,3342,2807,2450,2277,1918,1563,1432,1185,1277,1614,1614,882,620,530,439,508,452,248,132,141,129,143,143,102,99,84,60,36,31,33,33,17,39,41,45,21,23,31,36,45,47,35,33,58,49,29,28,17,44,26,20,12,11,11,10,12,12,17,3,8,49,6,3,11,4,3,5,2,2,3,3,0,2,3,0,5,1,2,3,3,2,0,1,0,3,2,3,2,1,0,1,1,0,1,2
新增治愈,2,9,43,21,47,72,85,147,157,262,261,389,510,600,632,716,744,1173,1082,1373,1324,1428,1701,1826,1781,2109,2394,2235,1850,2596,2422,2756,3626,2892,2626,2843,2742,2654,2195,1684,1684,1666,1541,1298,1585,1320,1329,1433,1373,841,936,926,822,737,592,506,459,458,492,405,541,385,478,337,288,190,195,175,199,226,138,102,136,125,127,97,85,122,117,127,115,96,109,81,70,83,64,105,89,126,88,108,106,65,56,60,60,34,77,110,78,64,56,77,87,45,33,28,27,23,24
新增死亡,24,26,26,38,43,46,45,57,64,66,73,73,86,89,97,108,97,254,121,143,142,106,98,136,115,118,109,97,150,71,52,29,44,47,35,42,31,38,31,30,28,27,23,17,22,11,7,14,10,14,13,11,8,3,8,6,9,7,4,6,5,3,5,5,3,7,6,4,4,3,1,0,2,2,1,3,0,2,0,1,0,0,0,0,0,0,0,0,0,0,0,0,0,0,0,0,0,0,0,0,0,0,0,0,0,0,1,0,0,0,0
累计境外输入,0,0,0,0,0,0,0,0,0,0,0,0,0,0,0,0,0,0,0,0,0,0,0,0,0,0,0,0,0,0,0,0,0,0,0,0,0,0,20,36,60,63,67,69,79,85,88,95,111,123,143,155,189,228,269,314,353,427,474,541,595,649,693,723,771,806,841,870,888,913,951,983,1042,1103,1141,1183,1280,1378,1464,1500,1534,1549,1566,1575,1583,1587,1610,1616,1618,1629,1634,1636,1639,1660,1664,1670,1671,1672,1675,1676,1678,1680,1680,1681,1683,1690,1691,1692,1692,1692,1698
新增境外输入,0,0,0,0,0,0,0,0,0,0,0,0,0,0,0,0,0,0,0,0,0,0,0,0,0,0,0,0,0,0,0,0,0,0,0,0,0,0,2,16,24,3,4,2,10,6,3,7,16,12,20,12,34,39,41,45,39,74,47,67,54,54,44,30,48,35,35,29,18,25,38,32,59,61,38,42,97,98,86,36,34,15,17,9,8,4,23,6,2,11,5,2,3,21,4,6,1,1,3,1,2,2,0,1,2,7,1,1,0,0,6
