country,confirmed,died,crued,confirmedRelative,curConfirm
塔吉克斯坦,1118,33,,,1085
阿拉伯联合酋长国,21831,210,7328,,14293
也门,106,15,1,21,90
老挝,19,,14,,5
缅甸,182,6,89,1,87
叙利亚,50,3,36,2,11
东帝汶,24,,24,0,0
吉尔吉斯斯坦,1117,14,783,6,320
乌兹别克斯坦,2719,11,2195,41,513
哈萨克斯坦,5850,34,2707,161,3109
土耳其,146457,4055,106133,1708,36269
蒙古国,135,,20,37,115
塞浦路斯,910,17,481,3,412
文莱,141,1,135,,5
孟加拉国,20995,314,4117,930,16564
马尔代夫,1031,4,49,11,978
不丹,21,,5,,16
巴勒斯坦,375,2,327,,46
沙特阿拉伯,49176,292,21869,,27015
约旦,596,9,401,10,186
印度尼西亚,17025,1089,3911,529,12025
亚美尼亚,4283,55,1791,239,2437
卡塔尔,30972,15,3788,1547,27169
阿塞拜疆,3138,36,1944,158,1158
格鲁吉亚,677,12,419,6,246
巴基斯坦,38799,834,10880,1581,27085
阿曼,5029,20,1436,404,3573
阿富汗,6402,168,745,349,5489
巴林,6655,12,2753,385,3890
科威特,12860,96,3640,,9124
伊拉克,3193,117,2089,50,987
黎巴嫩,902,26,247,11,629
以色列,16606,267,12820,17,3519
伊朗,118392,6937,93147,1757,18308
印度,86595,2760,30786,3787,53049
菲律宾,12305,817,2561,214,8927
斯里兰卡,936,9,520,10,407
柬埔寨,122,,121,,1
尼泊尔,278,,36,18,242
越南,318,,260,2,58
韩国,11037,262,9851,19,924
马来西亚,6872,113,5512,17,1247
日本,16253,729,10809,50,4715
新加坡,27356,21,7248,465,20087
泰国,3025,56,2854,,115
