country,confirmed,died,crued,confirmedRelative,curConfirm
圣皮埃尔,1,,1,,0
百慕大,122,9,66,,47
英属维尔京群岛,8,1,6,,1
安圭拉,3,,3,,0
格林纳达,22,,14,1,8
圣基茨和尼维斯,15,,14,,1
特克斯和凯科斯群岛,12,1,10,,1
伯利兹,18,2,16,,0
多米尼克,16,,15,,1
蒙特塞拉特,11,1,8,,2
海地,310,20,29,37,261
萨尔瓦多,1265,25,441,55,799
尼加拉瓜,25,8,7,,10
巴巴多斯,85,7,65,,13
格陵兰岛,11,,11,,0
巴哈马,96,11,41,,44
瓜德罗普,155,13,109,,33
开曼群岛,94,1,55,1,38
阿鲁巴,101,3,93,,5
库拉索,16,1,14,,1
圣卢西亚,18,,18,,0
圣文森特和格林纳丁斯,17,,14,0,3
安提瓜和巴布达,25,3,19,,3
危地马拉,1643,30,135,125,1478
特立尼达和多巴哥,116,8,107,,1
古巴,1840,79,1425,10,336
洪都拉斯,2460,134,264,142,2062
圣马丁岛,76,15,46,,15
圣巴泰勒米岛,6,,6,,0
牙买加,511,9,121,2,381
巴拿马,9268,266,6080,150,2922
马提尼克,192,14,91,3,87
哥斯达黎加,843,10,542,13,291
多米尼加,11739,424,3557,419,7758
墨西哥,45032,4767,30451,2437,9814
加拿大,74613,5562,36895,1139,32156
美国,1484463,88508,327751,23382,1068204
