country,confirmed,died,crued,confirmedRelative,curConfirm
海峡群岛,549,43,457,,49
马恩岛,334,24,285,2,25
黑山,324,9,311,,4
法罗群岛,187,,187,,0
阿尔巴尼亚,933,31,714,17,188
保加利亚,2175,105,573,36,1497
摩尔多瓦,5745,202,2228,192,3315
马耳他,546,6,450,14,90
斯洛伐克,1493,28,1151,13,314
梵蒂冈,12,,2,,10
塞尔维亚,10438,225,4301,,5912
直布罗陀,147,0,144,,3
列支敦士登,82,1,55,,26
波黑,2236,128,1336,,772
匈牙利,3473,448,1371,56,1654
斯洛文尼亚,1465,103,270,,1092
波兰,18184,912,7175,401,10097
乌克兰,17858,497,4906,528,12455
拉脱维亚,997,19,662,27,316
葡萄牙,28810,1203,3822,227,23785
安道尔,761,49,604,,108
捷克,8406,295,5381,23,2730
爱尔兰,23956,1518,19470,129,2968
卢森堡,3923,104,3682,8,137
圣马力诺,653,41,198,1,414
摩纳哥,96,4,87,,5
冰岛,1802,10,1782,,10
白俄罗斯,28681,160,9498,951,19023
立陶宛,1534,55,988,11,491
荷兰,43870,5670,322,189,37878
爱沙尼亚,1770,63,934,4,773
丹麦,10858,543,9107,67,1208
罗马尼亚,16704,1081,9574,267,6049
北马其顿,1762,98,1267,22,397
挪威,8219,232,32,10,7955
希腊,2810,160,1374,40,1276
瑞士,30572,1878,27100,58,1594
克罗地亚,2224,95,1913,2,216
奥地利,16201,629,14524,92,1048
比利时,54989,9005,14460,345,31524
西班牙,274367,27459,188967,,57941
瑞典,29207,3646,4971,,20590
俄罗斯,272043,2537,63166,9200,206340
英国,236711,33998,1015,,201698
意大利,223885,31610,120205,789,72070
芬兰,6286,297,5000,58,989
德国,175699,8001,151700,703,15998
法国,179506,27529,60448,563,91529
