country,confirmed,died,crued,confirmedRelative,curConfirm
莱索托,1,,,,1
科摩罗,11,1,3,,7
圣多美和普林西比,235,7,4,,224
南苏丹,236,4,4,33,228
马拉维,63,3,24,,36
布隆迪,15,1,7,,7
塞拉利昂,447,27,97,39,323
博茨瓦纳,24,1,17,,6
几内亚比绍,913,3,26,,884
马里,806,46,455,27,305
利比亚,64,3,28,,33
莫桑比克,119,,42,4,77
厄立特里亚,39,,39,0,0
乌干达,203,,63,43,140
安哥拉,48,2,17,0,29
马达加斯加,238,,112,8,126
津巴布韦,42,4,13,5,25
佛得角,326,2,67,,257
尼日尔,885,51,684,9,150
乍得,428,48,88,29,292
毛里求斯,332,10,322,,0
赞比亚,668,7,152,14,509
吉布提,1309,4,935,25,370
冈比亚,23,1,10,,12
贝宁,339,2,83,,254
索马里,1284,53,135,,1096
坦桑尼亚,509,21,183,,305
利比里亚,219,20,108,4,91
马约特,1258,16,627,48,615
刚果（布）,391,15,87,,289
中非共和国,301,,13,158,288
塞舌尔,11,,10,,1
赤道几内亚,594,7,22,11,565
纳米比亚,16,,13,0,3
卢旺达,287,,177,,110
斯威士兰,190,2,66,3,122
毛里塔尼亚,29,3,7,3,19
苏丹,1964,91,205,,1668
几内亚,2531,15,1094,58,1422
埃塞俄比亚,306,5,113,19,188
肯尼亚,781,45,284,23,452
加蓬,1209,10,219,105,980
加纳,5638,28,1460,108,4150
留尼汪岛,441,,354,1,87
科特迪瓦,2017,24,942,46,1051
刚果（金）,1370,61,229,72,1080
布基纳法索,780,51,595,7,134
多哥,263,11,96,25,156
喀麦隆,3105,140,1567,151,1398
南非,13524,247,6083,785,7194
突尼斯,1035,45,802,3,188
塞内加尔,2310,25,890,,1395
摩洛哥,6681,192,3475,45,3014
尼日利亚,5450,171,1320,288,3959
埃及,11228,592,2799,399,7837
阿尔及利亚,6629,536,3271,187,2822
